38,44
38,43
38,42
38,41
38,40
38,39
38,5
38,45
4294967279,329
4294967279,328
4294967279,327
4294967279,326
4294967279,325
4294967279,324
4294967279,323
4294967279,322
4294967279,321
4294967279,320
4294967278,368
4294967278,367
4294967278,249
38,127
38,126
38,125
38,124
38,123
38,122
38,121
38,120
38,119
38,118
38,117
4294967278,231
4294967278,366
4294967279,575
4294967279,574
4294967279,573
4294967279,572
38,191
38,190
38,189
38,188
38,187
38,186
38,185
38,184
38,183
38,182
38,181
38,180
38,179
38,178
38,177
38,176
38,175
38,174
38,173
38,172
38,171
38,170
38,169
38,168
38,167
38,166
38,165
38,164
38,163
38,162
38,161
38,160
38,159
38,158
38,157
38,156
38,155
38,154
38,153
38,152
38,151
38,150
38,149
38,148
38,147
38,146
38,145
38,144
38,143
38,142
38,141
38,140
38,139
38,138
38,137
38,136
38,135
38,134
38,133
38,132
38,131
38,130
38,129
38,128
4294967279,571
4294967279,570
38,255
38,254
38,253
38,252
38,251
38,250
38,249
38,248
38,247
38,246
38,245
38,244
38,243
38,242
38,241
4294967278,365
38,240
38,239
38,238
38,237
38,236
38,235
38,234
38,233
38,232
38,231
38,230
38,229
38,228
38,227
38,226
38,225
38,224
38,223
38,222
38,221
38,220
38,219
38,218
38,217
38,216
38,215
38,214
38,213
38,212
38,211
38,210
38,209
38,208
38,207
38,206
38,205
38,204
38,203
38,202
38,201
38,200
38,199
38,198
38,197
38,196
38,195
38,194
38,193
38,192
4294967279,569
4294967279,567
4294967279,566
4294967279,565
4294967279,564
4294967279,563
4294967279,562
4294967279,561
4294967279,560
4294967279,559
4294967279,558
4294967279,557
4294967279,294
38,116
38,115
38,114
38,113
38,112
38,111
38,110
38,109
38,108
38,107
38,106
38,105
38,104
38,103
38,102
38,101
38,100
38,99
38,98
38,97
38,96
4294967278,307
38,95
38,94
38,93
38,92
38,91
38,90
38,89
38,88
38,87
38,86
38,85
38,84
38,83
38,82
38,81
38,80
38,79
38,78
38,77
38,76
38,75
38,74
38,73
38,72
38,71
38,70
38,69
38,68
38,67
38,66
38,65
38,64
38,383
38,382
38,381
38,380
38,379
38,378
38,377
4294967278,303
38,376
38,375
38,374
38,373
38,372
38,371
38,370
38,369
38,368
38,367
38,366
38,365
38,364
38,363
38,362
38,361
38,360
38,359
38,358
38,357
38,356
38,355
38,354
38,353
38,352
38,351
38,350
38,349
38,348
38,347
38,346
38,345
38,344
38,343
38,342
38,341
38,340
38,339
38,338
38,337
38,336
38,335
38,334
38,333
38,332
38,331
4294967278,300
38,330
38,329
38,328
38,327
38,326
38,325
38,324
38,323
38,322
38,321
38,320
38,319
38,318
38,317
38,316
38,315
38,314
38,313
38,312
38,311
38,310
38,309
38,308
38,307
38,306
38,305
38,304
38,303
38,302
38,301
38,300
38,299
38,298
38,297
38,296
38,295
38,294
38,293
38,292
38,291
38,290
38,289
38,288
38,287
38,286
38,285
38,284
38,38
38,283
38,282
4294967278,299
38,281
38,280
38,279
38,278
38,277
38,276
38,275
38,274
38,273
38,272
38,271
38,270
38,269
38,268
38,267
38,266
38,265
38,264
38,263
38,262
38,261
38,260
38,259
38,258
38,257
38,256
38,37
38,36
38,35
38,34
38,33
38,32
38,31
38,30
38,29
38,28
38,27
38,26
38,25
38,24
38,23
38,22
38,21
38,20
38,19
4294967278,364
4294967294,471
4294967278,336
4294967293,131
4294967293,130
4294967293,129
4294967293,128
4294967293,127
4294967293,126
4294967293,125
4294967293,124
4294967293,123
4294967293,122
4294967293,121
4294967293,120
4294967293,119
4294967293,118
4294967293,117
4294967293,116
4294967293,115
4294967293,114
4294967293,113
4294967293,112
4294967293,111
4294967293,110
4294967293,109
4294967293,108
4294967293,107
4294967293,106
4294967293,105
4294967293,104
4294967293,103
4294967293,102
4294967293,101
4294967293,100
4294967293,99
4294967293,98
4294967293,97
4294967293,96
4294967293,95
4294967293,94
